111111111111111111111111111111111111111111111111111111111111111111111111111111111111111111111111111111111111111111111111111111111111111111111111111111111111111111111111111111111111111111111111111111111111111111111111111111111111111111111111111111111111111111111111111111111111111111111111111111111111
111111111111111111111111111111111111111111111111111111111111111111111111111111111111111111111111111111111111111111111111111111111111111111111111111111111111111111111111111111111111111111111111111111111111111111111111111111111111111111111111111111111111111111111111111111111111111111111111111111111111
111111111111111111111111111111111111111111111111111111111111111111111111111111111111111111111111111111111111111111111111111111111111111111111111111111111111111111111111111111111111111111111111111111111111111111111111111111111111111111111111111111111111111111111111111111111111111111111111111111111111
111111111111111111111111111111111111111111111111111111111111111111111111111111111111111111111111111111111111111111111111111111111111111111111111111111111111111111111111111111111111111111111111111111111111111111111111111111111111111111111111111111111111111111111111111111111111111111111111111111111111
111111111111111111111111111111111111111111111111111111111111111111111111111111111111111111111111111111111111111111111111111111111111111111111111111111111111111111111111111111111111111111111111111111111111111111111111111111111111111111111111111111111111111111111111111111111111111111111111111111111111
111111111111111111111111111111111111111111111111111111111111111111111111111111111111111111111111111111111111111111111111111111111111111111111111111111111111111111111111111111111111111111111111111111111111111111111111111111111111111111111111111111111111111111111111111111111111111111111111111111111111
111111111111111111111111111111111111111111111111111111111111111111111111111111111111111111111111111111111111111111111111111111111111111111111111111111111111111111111111111111111111111111111111111111111111111111111111111111111111111111111111111111111111111111111111111111111111111111111111111111111111
111111111111111111111111111111111111111111111111111111111111111111111111111111111111111111111111111111111111111111111111111111111111111111111111111111111111111111111111111111111111111111111111111111111111111111111111111111111111111111111111111111111111111111111111111111111111111111111111111111111111
111111111111111111111111111111111111111111111111111111111111111111111111111111111111111111111111111111111111111111111111111111111111111111111111111111111111111111111111111111111111111111111111111111111111111111111111111111111111111111111111111111111111111111111111111111111111111111111111111111111111
111111111111111111111111111111111111111111111111111111111111111111111111111111111111111111111111111111111111111111111111111111111111111111111111111111111111111111111111111111111111111111111111111111111111111111111111111111111111111111111111111111111111111111111111111111111111111111111111111111111111
111111111111111111111111111111111111111111111111111111111111111111111111111111111111111111111111111111111111111111111111111111111111111111111111111111111111111111111111111111111111111111111111111111111111111111111111111111111111111111111111111111111111111111111111111111111111111111111111111111111111
111111111111111111111111111111111111111111111111111111111111111111111111111111111111111111111111111111111111111111111111111111111111111111111111111111111111111111111111111111111111111111111111111111111111111111111111111111111111111111111111111111111111111111111111111111111111111111111111111111111111
111111111111111111111111111111111111111111111111111111111111111111111111111111111111111111111111111111111111111111111111111111111111111111111111111111111111111111111111111111111111111111111111111111111111111111111111111111111111111111111111111111111111111111111111111111111111111111111111111111111111
111111111111111111111111111111111111111111111111111111111111111111111111111111111111111111111111111111111111111111111111111111111111111111111111111111111111111111111111111111111111111111111111111111111111111111111111111111111111111111111111111111111111111111111111111111111111111111111111111111111111
111111111111111111111111111111111111111111111111111111111111111111111111111111111111111111111111111111111111111111111111111111111111111111111111111111111111111111111111111111111111111111111111111111111111111111111111111111111111111111111111111111111111111111111111111111111111111111111111111111111111
111111111111111111111111111111111111111111111111111111111111111111111111111111111111111111111111111111111111111111111111111111111111111111111111111111111111111111111111111111111111111111111111111111111111111111111111111111111111111111111111111111111111111111111111111111111111111111111111111111111111
111111111111111111111111111111111111111111111111111111111111111111111111111111111111111111000000111111111111111111111111111111111111111111111111111111111111111111111111111111111111111111111111111111111111111111111111111111111111111111111111111111111111111111111111111111111111111111111111111111111111
111111111111111111111111111111111111111111111111111111111111111111111111111111111111111000000001111111111111111100111111111111111111111111111111111111111111111111111111111111111111111111111111111111111111111111111111111111111111111111111111111111111111111111111111111111111111111111111111111111111111
111111111111111111111111111111111111111111111111111111111111111111111111100011111111110000000111111111111100111000111111111111111111111111111111111111111111111111111111111111111111111111111111111111111111111111111111111111111111111111111111111111111111111111111111111111111111111111111111111111111111
111111111111111111111111111111111111111111111111111111111111111111111111000011111111000000001111111111111000000000111111111111111111111111111111111111111111111111111111111111111111111111111111111111111111111111111111111111111111111111111111111111111111111111111111111111111111111111111111111111111111
111111111111111111111111111111111111110001111111111101111111111111111111000110011111000000111111111110011000000000011111111111111111111111111111111111111111111111111111111111111111111111111111111111111111111111111111111111111111111111111111111111111111111111111111111111111111111111111111111111111111
111111111111111111111111111111111111000000001111100000111110001011111110000011111110000000111110000000000000000000111111110000000000011111111111111111111111111111111111111111111111111111111111111111111111111111111111111111111111111111111111111111111111111111111111111111111111111111111111111111111111
111111111111111111111111111111111100011000001110000000011100000011111000000001111000000011111110000000000000000111100000100000000000011111111001111111111111111111111111111111111111111111111111111111111111111111111111111111111111111111111111111111111111111111111111111111111111111111111111111111111111
111111111111111111111111111111111100011100011100000000001110000011111100000001111000000111111000000000000000000011000000000000001111111111111111111111111111111111111111111111111111111111111111111111111111111111111111111111111111111111111111111111111111111111111111111111111111111111111111111111111111
111111111111111111111111111111100000011100011000000000001110000011110000000001111000000111100000000000000000001111000000000000001111111111111111111111111111111111111111111111111111111111111111111111111111111111111111111111111111111111111111111111111111111111111111111111111111111111111111111111111111
111111111111111111111111111111000000011000001110000110000110000011110000000011111000000111100000000000000000011111000000000001111111111111101110000111111111111111111111111111111111111111111111111111111111111111111111111111111111111111111111111111111111111111111111111111111111111111111111111111111111
111111111111111111111111111111110000111000001111000100000110000001111000000011000000011111100000001100000000111000000000011111110000000000000000000000000111111111111111111111111111111111111111111111111111111111111111111111111111111111111111111111111111111111111111111111111111111111111111111111111111
111111111111111111111111111111100000011000001110000000000000000011110000000111000000011110000000000000000001100000000000011111100000000000000000000000000000011111111111111111111111111111111111111111111111111111111111111111111111111110111111111111111111111111111111111111111111111111111111111111111111
111111111111111111111111111110000000011000000100000000000100000011100000000110000000011000000000000000000011110000000011011000000000000000000000000000000000111111111111111111111111111111111111111111111111111111111111111111111111111110011111111111111111111111111111111111111111111111111111111111111111
111111111111111111111111111111110000010000000000000100000000000111100000001100000000111000001101110000000111110000000111110000000000000111111111111111111111111111111111111111111111111111111111111111111111111111111111111111111111111110011111111001111000111001111111111111111111111111111111111111111111
111111111111111111111111111111111111111000001100000000000000000111111100011100000001111100000111000000001100000000001110100000000000111111110011111111111111111111111111111111111111111111111111111111111111111111111111111111111111001111001110011101111000001000111000111111111111111111111111111111111111
111111111111111111111111111111110000000000001100000000001110001111111000110000000011111100000010000000000000000000111000000000000000111111000000000100000001111111111111111111111111111111111111111111111111111110011111111111110011000001001110001110011000001000011000110000111111111111111111111111111111
111111111111111111111111111111110000000000001110000000001000011100000000000000000011111100000010000000000000000001111000000001111111011110000000000000000000000001111111111111111111111111111111111111111011111110001111111111110011110001100111011110000100001000011000010000111111111111111111111111111111
111111111111111111111111111110100000000000001110000000000000010000000000000000000011100000000100000000100000000000000000000011000001000000000000000000000000000000000111111111111111111111111111111111110000001111000111111111110001110000100011101110000100000000001100001000011111111111111111111111111111
111111111111111111111111111100000000000000001110000000010000000000000001000000000011000000001110000000000000000000000000000000000000000000000000000000000000000000000000001111111111100001111111000111110000000111000001110000110000110000110001110010000000000100000100001000001111111111111111111111111111
111111111111111111111111111100000000000000011000001111100000001000000010000000000000000000011111110000000000000000000000001000000000000000000000111111111111111110000000000000011111100000001111000000011000000011100001110000011000111000011000110000000010000100000000000100000110011111111111111111111111
111111111111111111111111111000000000100000011000000111100000011111000110000000000000000000001111100000000111000000000000000000000000000000000000111100111111111111111000000000000111111100000001110000000100000001100000110000001100111100001000010000000000000100000110000010000110001111111111111111111111
111111111111111111111100000000000001000000110000000111110001111100001111000001100000000000001100000000011100000000001100000000000000000111000000000000000000000100111111000000000000111110000000111000000100000001110000011000001100011100001100000000000000000000000010000010000110001111111111111111111111
111111111111111111111000000000000001000000110000001110000011111000001100000001000000000000000000000000111000000000011000000000000111000000000000000000000000000000000111111100000000011111000000011000000110000000111000001100000110000110001110000000000001000110000001000001000010000111111111111111111111
111111111111111111111000000000000000000000111000001100000011111100001000000000000000000000000000000001110000000001111000000000010000000000000000000000000000000000000000011111000000000000110000001110000011000000011100001111000111000111000110000001000001000001000001000001000011100111111111111111111111
111111111111111111111000000000000000000000111000011000000011111000001000000000000000000000000000000001000000000011100000000000000000000000000000000011111111100000000000000011111100000000111110000011000001100000011110000111000011100001000110000001000001100000000001100000100001000111111111111111111111
111111111111111111111000001000000110000000000000000000000011100000000000001100000000000000000000000111000000000000000000000000000000000000001111111111111111111100000000000000011111000000011110000001000001100000000111000111000000100000000010000000000001100000000001100001100001000111111111111111111111
111111111111111111111000000000000110000011000000000000000010000000100000001100000011000000000000111111000000100000000000000000000000000011111111000000000000011111111110000000000111100000011111000000000000000000000111000001100000111000000011000000000001100000000000000001100001100011111111111111111111
111111111111111111110000000000000000000011000000110000000100000001100000011000000011000001100000111000000000000000000000000000000000001000000000000000000000000000001111111100000001110000000011100000000000010000000011100000110000011100000011000000000000100000000000000000100001100011111111111111111111
111111111111111111110000000000000000000111000000100000000100000001100000110000000000000001000000110000000000000000000000000000000100000000000000000000000000000000000011111100000001111100000001111000000000111110000011110000110000001100000011000000000000000000000000010000110001100011111111111111111111
111111111111111111100000000000000000000100000001100000000100000001000000110000000000000010000000110000000000000000000000000000000000000000000000000000000000000000000000011111000000011110000000011110001000001111000001110000111000000110000001000000100000000000010000100000010000100111111111111111111111
111111111111111111110000000000011000000000000011100000001100000001000000100000000000000100000000000000100000000000000000000001000000000000000001111111101100000000000000001111111000000011110000000111010000001111000001111000011100000011000001000000100000000000010000100000010000100011111111111111111111
111111111111111111110000000000011000000000000011100000001100000011000000100000000000011000000000000001100000000000000000001110000000000000111111111111111111111001000000000000111100000001111100000011110000001111100000111100001110000001000001100000100000001000000000110000001000000001111111111111111111
111111111111111111110000000000000000000000000010000000111000000110000000100000000000100000000000000001000000000000000000110000000000001111111110110000000000011111110000000000001111000000001100000000110000000111110000011100001111000001100000100000000000000000000000000000001000000001111111111111111111
111111111111111111100000000000000000000000000110000001110000001110000001100000000001100000010000000010000000010000000000000000000000111111100000000000000000000000111111000000000111100000000010000000011000000011110000001110000111100000100000100000001000001100000000000000001100010001111111111111111111
111111111111111111100000000000000000110000001110000001100000011100000001100000000011100000011000000000000001000000000100000000000111100000000000000000000000000000011100111100000111110000000011100000011100000001111000000110000011100000111001100000001000000000000000000000001110000001111111111111111111
111111111111111111100000000011000000100000011100000001000000011100000011000000000111000001110000000000000010000000001000000000001110000000000000000000000000000000000000001110000000111000000011111000011110000000111100000110000011110000111100100000001000000100000000000010001111000001111111111111111111
111111111111111111100000000011000000000000111000000011000000011000000111000000011100000011000000000000000100000001000000000000000000000000000000000100000100000000000000000000000000111100000001111100000111110000111100000111100001110000111000000000001000000100000000000000001100010001111111111111111111
111111111111111111000000000000000010000000110000000011100000111000001111000001111000000110000000000000000000000010000000000110000000000000111111111111111111111110000000000000000000011110000000111110000011110000001110000111110000111000011000001000000000000110000010000000000000001000110111111111111111
111111111111111111000000000000000110000001110000000110000001110000011110000001110000001100000000000000100000000000000000111000000000000111111111000000000001111111111000000000000000000010000000111100000001100000000111000011110000111100000000000100000000000110000010000000000000001000000011111111111111
111111111111111111111110000000000000000011100000000100000001100000001100000001100000011000000000000001100000000000000011110000000000111111000000000000000000000001110011000000000000000000000000001100000000100000000011100001111000001110000110000100000000000010000000000000000000000000010011111111111111
111111111111111111111110000000000100000011100000001000000011100000011000000001000000111000000000000000000000000000000111000000000111100000000000000000000000000000000000110111011000000000000000000000000000011100000011110000111000001111000010000000000000000000000001000000000000000000011111111111111111
111111111111111110011111000000001110000011000000111000000111000000011000000011000000110000000000000000000010000000011100000000001110000000000000000000000000000000000000000000011000000000000000000001100000011111000001110000011100001101000010000010000000000000000000000000000000000000011111111111111111
111111111111111111011111000000110000000110000000110000001100000001110000000110000001000000000000000000000000000001110000000001110000000000000111111111111111110000000000000000000000110000000000000001110000001111000001100000011110000000000001000001000000000000000000000001100000000000001111111111111111
111111111111111111111111000001100000000110000001110000011100000011110000011100000011000000000000000000000000000011100000000111000000000000111111111111111111111111111000000000000011110000000000000011110000000111000001100000001110000100000001000001100000000000100000000001100001000000001001111111111111
111111111111111111111110000011110000001100000011100000011000000111100000111000000100000000000000000000000000001110000000011110000000001111111111000000000111100000111110000000000001111000000000100000011000000011000000100011001111000100000001100000100000000000000000000000000000000010000101111111111111
111111111111111100011100000111110000001000000011000000010000000111000000110000001000000000000000000000000000001000000000110000000000111100000000000000000000000000000111111110000000011100000000110000000100000001100000100011000111000000000001000000000000000000000000000000000000000000000000111111111111
111111111111110000001000001111010000011000000111000000110000001111000000000000011000000100000000000011000000110000000011000000000111100000000000000000000000000000000000111111100000001111100000111100000111000000110000010011100011000000000000000000010000000000000000000000000000000010000000011111111111
111111111111100000000000011111000000011000001110000001100000001110000000000000110000001000000000000000000000000000001100000000011100000000000000000100001000000000000000011111111100000111100000011100000111000000010000010000100011000000000000000000010000000000000000000000000000000000000000011111111111
111111111111100000110000011100000000111000001100000001000000011100000111000000100000010000001000000000000011000000011000000001110000000000000000111111111110000000000000000111111110000011110000001110000011100000011000000000110001000000000000010000011000000000000000000000000000000000000000001111111111
111111111111100000110000010000000001110000011100000011000000111000001110000001000000100000010000000000000110000001110000000110000000000001111111111111111111111100000000000000111111000001111100000111000011110000000000000000010001100000000000010000011000000000000000000000000000000000000010001111111111
111111111111110001000000000000000001100000011000000110000000110000001110000001000000000000000000000000001000000011100000001000000000001110000000000000000100001000000000000000000111100000011100000111100001111000000100001000001000110000000000000000001000000000000000000000000000000000000010001111111111
111111111111110011000000000000000001000000111000001110000001100000001100000010000000000000000000000000010000000110000000010000000111111000000000000000000000000000011011000000000011100000011110000011100000111100000110001100001000010000001000000000001000000000000000000000000000000000000001001111111111
111111111111111111000000000000000001000000111000011100000011100000011100000000000000000000000000000000000000001000000000000000000110000000000000000000000000000000001111111000000001111000000110000001110000001110000110000100001100000000001100000000000000000000000010000000000000000000000000001111111111
111111111111111110000000000000000011000001110000111000000011000000011000000000000000000000000000000000000000110000000000000000011100000000000000000000000000000000000001111100000000111100000011000001100000000111000010000000001100001000001100000100000000000000000011000000000000000000000000000111111111
111111111111111110000000000000000111000001110000111000000111000000110000001000000000011000000000000000000001100000000000000011100000000000000000111111111111000000000000011111000000011110000011100000100001000011000001000000001100001000001100000100000110000000000011000000000000000000000000000111111111
111111111111111100000000000000000110000001100000110000001111000000100000001000000000110000000000000000000011000000000000000111000000000111111111001111111111110000000000001111000000001111000001110000110001100001100001000001100010001100000100000010000010000000000000000000000000000000000000000011111111
111111111111111100000000000000000100000011100001110000011000000001000000100000100000100000100000010000000110000001100000011000000000011111100000000000000011111000000000000000111000000111100000110000110000110001100000100000100010000100000000000010000000000000000000000000010000000000000000000011111111
111111111111111100000000000000000000000010000001100000110000000111000000100000000000000001000000100000001000000011000001100000000001110000000000000000000000000000110000000000011100000011100000111000010000010000010000000000100010000000000010000010000000000000000000000000000000000000000000000011111111
111111111111111100000000000000000000001110000001100001110000001111000001000000000000000010000000000000010000000110000010000000001111000000000000000000000000000000111111100000011110000011110000011000001000011000010000000000011000000000000010000000000000000000000000001000000000000000000000000011111111
111111111111110000000000000000000000001100000011000001110000001100000001000000000000000000000100000001100000000100000100000000111000000000000000000000000000000000001111111000000111000000011000001100001100011000011000000000011000000000000001000001000000000000000000000000000000000000000000000011111111
111111111111100000000000000000000000011100001110000001000000011000000110000000001000001000000000000001000000000000000000000011000000000000000000011111100000000000000001111100000011000000001100001110001100000100001000000000001000000000000001000001000000000000000000000000000000000000000000000011111111
111111111111000000000000000000000000011000001100000110000000110000001110000000010000010000000000000010000000000000000000001110000000000111111111111111111011110000000000011110000001100000000100000110000110000110001100000100001000000000000001000000100000000000001100000000000000000000000000000011111111
111111111110000100000000000000100000011000111000000110000000000000011100000001100000100000000000000100000000000000000000011000000000001111110000000001111111111100000000000111000000000100000110000011000011000010000100000110001100000000100000000000000000000000000100000000000000000000000000000001111111
111111111100000100000000000000110000110000111000000100000110000000011000000001000001000000000000001000000001000000000001000000000011111000000000000000000011111110000000000011100000000110000000000001000000000011000000000110000000000000000000000000000000000000000000000000000000000000000000000000011111
111111111100001000000000000000000001100000110000001000001100000000010000001110000011000000000000010000001110000000000010000000001111110000000000000000000000000000000000000001100000000111000001100000100000000011100011000011100000000000000000100000000000000001000000000000000000000000000000000000001111
111111111100011000000000000011000001100001110000011000011000000000010000001100000110000000000000100000001100000000000000000000011110000000000000000000000000000000001110000000001100000011100000110000010000000001100001000011100000000000000000010000000000000001100000000000000000000000000000000000001111
111111111100010000000000000010000011000001100000110000110000000000100000011100001100000000000011000000011000000000000000000011100000000000000000000000000000000000000111000000000110000001100000110000000000000000100000100000100000000000000000000000000000000001100000000000000000000000000000000000000111
111111111111110000000000000000000011000011000001100000110000100000100000000000011000000000000000000000110000011000000000001111000000000000100000111000011111100000000011100000000011000000110000110000001000010000010000010000100000000000000000000000000000000000000000000000000000000000000000000000001111
111111111111110000000000000100000010000111000001100001000001000001000001100000110000000000000100000001100000011100000000000000000000000000111110111111111111111000000000111010000001000000011000011000000100011000011000010000000000000000001000000000000000000000000000000000000000000000000000000000001111
111111111111100000000000001000000100001110000011000000000110000010000001000000100000000000000000000001000000111100000000000000000011000111110000001000000001111100000000011111000000111000001100001100000100011100011000000000000000000000011000001000000000000000000000000000000000000000000000000000001111
111111111110000000000000000000000000001100000010000000000110000010000111000001000000100000000000000110000001110000000110000000000111100000000000000000000000001111000000000011000000011100000100000100000010000100001100000000000000000000011100001000000000000000000000000000000000000000000000000000000111
111111111100000000000000000000000000011100000100001000001000000100001110000010000001000001100000011000000001100000001100000000000111100000000000000000000000000001110000000001000000001100000011000000000011000110000000000100000000000000001100000100000000000000000000000000000000000000000000000000000111
111111111100000000000000000000000000011100000100001000000000011000001100000000000010000001000000111000000110000000010000000000000000000000000000000000000000000000011000000000011000000110000001000000000001000111000000000110000000000000000100000010000000000000000000000000000000000000000000000000000111
111111111100000000000000000000111000111000001000000000000000010000110000000000000110000010000001110000000100000001100000000000000000000000000011110000011100000000001100000000001100000001000000100000100000000011000000000000000110000000000100000010000000000000000000000000000000000000000000000000000111
111111111100000000000000000001110001110000001000010000000001000001000000000000001000000100000001100000001000000010000000000000000000000011111111000000001111000000000000000000000111000000100000100000000000000001100000000000000000000000000000000000000000000000000000000000000000000000000000000000000111
111111110000000000000000000001000001100000111000000000000011000011000000110000000000001000000011000001111000000000000000111000000000000111110000000000000001110000000000100000000011100000010000011000000000000000100000100001000000000001000000000000000000000000000000000000000000000000000000000000000111
111111110000000000000000000011000011100001110000100000001110000100000111100000000000001000000000000011110000001000000011000000000001111000000000000000000000000011000000000000000001100000010000000000000000100000010000110000100001000001100000000000000000000000000000000000000000000000000000000000000111
111111111000000000000000000010000111000011100001100000001100000100001100000000100000000000000000000011100000110000000010000000000001110000000000000000000000000001000000000111000000000000001100000000000000010000000000110000100000100000100000000000000000000000000000000000000000000000000000000000000011
111111110000000000000000000110000110000011000001000000010000001000010000000000100000000000000000000011000000100000001000000000000011100000000001100011100000000000001000000000100000001000000110000000001000001000001000000000010000010000000000000000010000000000000000000000000000000000000000000000000011
111111100000000000000000000100001100000110000011000001100000010000100000000001000001000000010000000110000000000000011000000000110000000000000011000000000000000000000000000000010000000100000010000000111000001000000000001000011000010000000000000000000000000000000000000000000000000000000000000000000011
111111000000000000000000001100001100001110000110000011100000100000100000000001000001000000100000001000000100000000000000000010000000000001000010000000000010000000000000000000011000000011000000000000011000000100000100000110000000000000001000000000000000000000000000000000000000000000000000000000000001
111111000000000000000000011000011000001100001100000011000001000001000000000000000000000000000000010000011000000000000000001000000000000111100110000000000011100000000000000000001100000001000000000000001100000010000110000110000000000000000000000000000000001100000000000000000000000000000000000000000001
111111000000000000000000110000010000011000001000000110000010000011000000000000000000000000000000100000111000000110000000010000000000010011111111100000000001110000000000000000000100000000000000010000001110000011000001000010000000000100000100000000000000000110000000000000000000000000000000000000000011
111111000000000000000001000000110000010000010000001100000100000010000100000100000100000000000000000001110000000100000000100000000111110000000000111101100000111100000000000100000010000000010000001000001110000011000001100010000000000010000000000000000000000000000000000000000000000000000000000000000001
111111111000000000000000000000100000100000110000001000001100000010000100000000000000000000000000000011000000000000000011000000001111100000000000000000000000000000000000000010000000000000001000000100000001000000000000100000000000000011000000000000000000000000000000000000000100000000000000000000000001
111111100000000000000000000001100001100001100000011000001000000000000000000000000000000000000000000010000000010000000111000000001000000000000000000000000000000000110000000001000000000000000100000010000001000000000000110000000000000001000000000000000000000000000000000000001110000000000000000000000001
111111100000000000000100000011000011000011000000110000000000001000001000000000010000000000000000000100000001100000011100000000000000000000000000000000000000000000000110000000000000001000000000000001000000000000000000010000000000000000000000100000000000000000000000000000001110000000000000000000000001
111111000000000000001110000110000110000111000000110000010000010000010000000000000000000000000000001100000011000000010000000000000000000000000111000000110000000000000011000000000000000100000000000001000000001000000000001000000000000000000000000000000000000000000000000000000110000000000000000000000000
111111000000000000011000000110000110001110000001100001000000100000110000100000000000000000000000011000000000000000110000000110000000000000011111111111111000000000000000100000000000000010000000000000111000001000000000000000000000000000000000000000000000000000000000000000000000000000000000000000000000
111111000000000000010000001100001100001110000011100011000000100000100000100000000000000001100000110000000000000001000000001000000000111111011000000000000111000000000000011000000110000001000000100000111100000000000000000100000000000000000000000000000000001000000000000000000000000000000000000000000001
111111000001000001000000011000011000001100000110010110000001000000000001000001000010000001000000100000001000000010000000110000000111111000000000000000000000000011000000000000000011000000100000010000011100000000000010000100000000000000000000000000000000001000000000000000000000000000000000000000000001
111110000011000001100000010000011000011100001100000110000010000001000011000000000110000011000001000000000000000000000011000000001110000000000000000000000000000000000000000000000000100000010000001000001000000000000000000010000000000000000000000000001000000000000000000000000000000000000000000000000001
111110000000000001000000100001110000011000011000000000000010000011000000000000000000000010000000000001000000011000000110000000001000000000000000000000000000000000011110000000100000110000000000001000000000000000000001000011000000000000000000000100000100000000000000000000000000000000000000000000000001
111111100000000000000001000001000000100000011000000000000110000110000000000000000000000100000010000001000000000000000100000000100000000000000000100000000000000000000001000000110000000000000000000100000000000000000000110011000000000010000000000100000000000000000000000000000000000000000000000000000001
111111111000000000000010000010000001000000110000010000001110000100000000000000000000000000001100000000000001000000001000000010000000000010010000110100000000000000000000000000001000000010000000000000000000000000000000110000100000000010000000000000000010000000000000000000000000000000000000001000000001
111111100000011000000010000100000111000011100000110000011000000000000000000000000000000000001000000000000010000000010000000000000000000110000000000000000110011100000000000000000000000010000000000000000100000000000000010000000000000000000000000000000000000000000000000000000000000000000000000000000000
111111000000000000000100001100000110000011100000100000010000000000000000000000100000000000010000000000000000000000000000000000000001111000000000000000000000001111000000001000000000000000000000000000000000000000000000001000000000000000000000000000000000000000000000000000000100000100000000000000000000
111111000000000000000000001000001100000011100001100000110000100000000000000001000000000000100000010000000000000100000000000000000011000000000000000000000000000001110000000000000000000000000000000000000000000000000000001100000000000000000000000000000000000000000000000000000000000100000000000000000000
111111000000000000010000010000001000000010000001000001100000100000000000000010000001000001000000000000000000000100000000000000001110000000000000000000000000000000001100000000000000000000000000000000000000000000000010000100000000000000000000000000100000000000000000000000000000000000000000000000000000
111111100000000000100000000000110000000110000010000010000001100000100000000110000000000011000001100000000000000000000010000000001000000000000000000000000000000000000010000000000000000000000000000000000001000000000010000100000000000000000000000000000000000000000000000000000000000000000000000000000000
111111110000000001000000100000100000001100001110000110000001100000000000000100000000000000000001000000000000000000000100000000110000000000111111110010011110000000000001000000000000001000000000000000000001100000000011000010000000000000000000000000010000000000000000000100000000000000000000000000000000
111111111100000000000011000001000001111000001100000100000111000000000000001100000000000100000011000000000000000000001000000111100000000111011100011100011101111000000000000000000000001100000000000000000000000000000001000000000000000000000100000000000000000000000000000000000000000000000000000000000011
111111111100000100000000000011000001110000011100001100001100000000000000001100001000000000001110000000000000000000010000001100000000011100000000000000000000100010000000001000000000000000000000000000000000000000000000100001000000000000000000000000000000000000000000000000000000000000000000000000000111
111111111000000100000000000110000011100000111000011000111000000000000000001000010000000000011100000110000000000000000000011100000001110000000000000000000111100000000000000010000000000000000000000000000000000000000001100000000000000000000000000000000000000000000000000000000000000000000000000000000011
111111110000011000000000001100000111100001110000111001111000000000000000000000100000000001111100000110000000000000000000110000000011100000000000000000000011110000000000000000000000000000000000000000001100000000000000000000000000000000000000000000000000000010000001000000000000000000000000000000000011
111111111000110000000000011000001111100001100001111111000100000000000000000001000000000000001000001000001000000000000001100000000110000000000001111000000000010000000000000000000000000000000000000000001100000000000000000000000000000000100000000000000010000010000000000000011000000000000000000000000001
111111111000100000000000111000011001000011100001100110000000001000000000000000000000000110000000000000001000011100000011000000000000000000000111111111000000001000000000000000000000000000000000000000001100000000000100000000000000000000000000000000000001000001000000000000001000011000000000000000000001
111111111011000011000001110000110000000011000011000100000000000000011000000000000100000000000000000000100000010000001100000000000000000011100100000111000000000000000000110000001000000000000000000000000110000010000010000000000000000000000000000000000001000000000000110000001000000000000000000000000001
111111111011000010000001100001100000000100000110000000000000010000011000000000000000000000000000000000100000100000001100000001100000001110000000000001100000000001100000001000000000000000000000000000000110000000000000000000000000000000000000100000000001100000000000000000000000000000000001000000000001
111111111110000110000011000001100010001100000100000000000000100000010000001000000000000000000000000000000000000000001000000110000000011000000000000000001100000000000000000000000000000000000000000011000011000001000000000010000000000100000000000000000000100000000000000000000000000000000000000000000001
111111111100001000000110000011000011001000000100000000000001100000010000000000000000000000000000000000000000000000000000011100000011100000000000000000000000110000000000000000000000000000000000000001000001000000000001000001000000000000000000000000100000010000000000000000000000000000000000000000110001
111111111100011000000100000110000011111000000000000000100001100000100000000000000000000000000000000000000100000000000000010000000110000000000000000000000000000000000000000000000001000001100000000000100000000000000000100001100000000001000000000000110000011000000000000000000000000000000000000000010001
111111111001110000001000001110001111100000010000000001100010000001100000000000100000100000000000000010000000000000000000000000001100000000111011110000000000000110000000000000000000000000100000000000100000000000010000110000100000000001100000000000011000001000000000000000000000000000000000000000001001
111111111000100000000000011100011111000000100000000001000000000011000000100000000001000001000000000100000000000000000000100000010000000011100001111100000000000001000000000000000000000000000000000000000000000000001000010000000000000000110000000000001000000000001000000000000000100000000000000000000001
111111111111000000100000011100111111000001100001000000000000000110000000000000000010000010000000000100000000010000000001000000100000000110000000000110000000000000100000001000000000010000010000000000000000000000001000011000000000000000011000001000001100000000000000000000100000000000000000000000000001
111111111110000001100000111111111111000111000001000000001000001100000000000000000010000010000100000000000000000000100000000001000000001100000000000000001100000000000000000000000000000000001000000000001000000000000000001000000000001000000100000110000100000010000000000010100000000000000000000000000011
111111111000000001100001111111111100001111000010000000001000000000000000000000000000000000000100000000000001000000000010000010000001111000000000000000000000000000001000000000000000001000001100000000001100000100000100000000000000000100000010000011000010000000000000000001100000000000000000000000000011
111111111000000111110011100001100000111111000000000000000000000000000000000000000000000100001000000000000010000000000000000110000011110000001100000000000000000000000100000000000000000000000100000000000100000000000110000000000000000010000010000001000011000001000001000001100000000000000000000000000011
111111111000001111111111000001100000111100000000000000000000000000000000001000000000000000001000000000000100000000000000001100000110000001111100000000000000000000000000000000000000000000000000000000000000000000000010000000000000000000000001000001000000000001100000100001100000000000000000000000000011
111111110000111111011110000011100001101100000000001000000000000000000000000000000000000000000000000000000100000000001000011000001000000111100000000000000000000000000000000000100000000000000000000000000000000000000000000000000000000001000001000000000000000001100000100001000000000000000000000000000001
111111110001111100001100000100100000001000000000010000000000000000000000000000000000000000000000000000000000000000001000100000010000001110000000000110000000000010000000000000010000000000000000000000000000000000000000000000000000000000100000100000000000000000100000010000000000000000000000000000000001
111111110011111000011100001100100000000000000000000000000000000000010000000000000000000000000000100000000000000000010000000000100000010000000010000111100000000110000000000000001000000000000000000000000000000000000000000000000000000000000000000000000000000000010000000000000000000001100000000000000001
111111111111100000010000011000111100000000000000000000000000000000100000000000000000000000000001100000010000000000100001000000100000100000001100000001100000011000000000000000000000000000000000000000000000000000000000000000000000010000000000000000000000000000001000000000000000000001000000000000000000
111111111111000000110000011000111000000000000000100000000000000000000000000000000000000000000000000000100000010000100000000000000001000000110000000000000000110000000000001000000000000000000000000000000000000000000000010000000000001000000000000000000000000000000000000000000000000001000000000000000000
111111111000000000100000100000110000011000000000000000010000000000000000000000000000000000000000000001000000000001000010000000000000000001000000000000000101110000000000000000000000000000000000000000000000000000000000010000000000000100000000000000000100000000000000000011000000000010000000111000000100
111111110000000001000000100000110000111000000000000011100000000000000000000000000000000000000000000000000000000010000010000000000000000100000000000000000000100000000000000000000000000000000000000000001000000000001000000000000000000000000000000100000010000000000010000011000000000000000000000000000110
111111110000000000000001100000000000100001000011000011000000000000000001000000000000000000000000000010000000000010000000000100000000001000000000000000000000000000000000000000000000000000000000000000001000000000001000000000000000000000000010000000000011000001000010000010000000000000000000000000000011
111111110000000000000001000000000000000110000111000111000000000000000000000000000000000000000000000110000000000100000000001100000000000000001110010000000000000000000000000000000000000000000000000000000000000000000100000100000000000000000000000000000001000001100000000000000000000000000111000011100011
111111100000000000001111000000000010001100000110000110000000000000000000000000000100000000000000000100000000000100001000011000001111100000011111111000000000000000000000000000000000000000000100000100000000000000000100000110000000000000000001000000000000000001100000000001000000000000000011111001000001
111111100010000000011100000010000100000100001100000100000000001100000000000000001100000000000000000100000000001000000000010000011000000000111100000011110000000000000000000000000000000000000100000100000000000000000010000010000000000000000000100000000000000000000000000000000000000000000011000011100000
111111100011100000011000000000000100000000001000000000001000001000000000000000011100000000000000001000001000000000000000010000011000000011110000000000111000000000000000000000000000000000000010000010000000000000000011000001000000000000100000000000000000000000000000000000001000000000000000000011000000
111111100011000000010000001000000000000000000000001000000000001000001000000000100000000000000000001000000000000000000000100000111000000111000000000000000000000000000000000000000000000000000010000001000000000000000001000001100000000000100000000000010000000000000000000000001000000000000000100001001000
111111100111100000000000011000000000000000010000010000110000000000000000000001000000000000000000011000000000000000000001100001100000011000000000000000000000000000000000000000100000000001000000000001000000000000000000000000000000000000001000001000010000000000000000000110000100000000000000000000001100
111111111111110000000000111000000000000000000000000000100000000000000000000000000000000000000000010000000000000000000001000001000000110000000000011000000000000000000000000000000000000001000001000001100001000000000000100000000000000000001100001100000000000000000000000110000000000000000000000000000100
111111111000100000000001111000000000000000100000000001000000000000000000000000000000000000000000000000100000100000000011000011000000110000000000111110000000000000000000000000000000000000000000000001100000110000100000000000000000000100000100000100000000000000000000000100000000000000000000000000000101
111111110000000000000001100000000000000001100000000001000000000000000000000000000000000000000000000000100001100000000010000110000000100000000000100111100000000000000000001000000000000000100000100001100000010000010000000000000000000000000110000000000000000001000000000100000000000000000000000010000011
111111110000000000000001000001100000000001100001000001000001000000000000000000000000000000000000000000100001100010000110000110000001000000100000000001110000000000000000000000000000000000000000010000010000000000010000000000000000000000000010000000000001000001100111000110000000000000000000000010000001
111111110000000000000010000001000010000001000001000010000001000000000000000000000000100000000000000000000011000010001100000100000011000000100000000000011000000000000000000000000000000000000000010000000000000000001000000000000000000001000001000000000000000001100011100100000000000000000000000000000000
111111110000000000000110000010000110000011000000000000000000000000000000000000000000000000000000000001000010000000001100000100000110000000000000000000000000000000000000000000000000000000000000001000000000000000000000000000000000000001100000000000000000000001100001100100000000000000000000000000000000
111111110000000000000110000100000100000010000000000000000010000010000000000000000000000001000000000001000010000100001100000100000100000000000001110000000000000000000000000000000000000000000000001000000000000000000100000000000000000000110000010000000000000000010000001100000000000000000000000100000000
111111110000000000000100000100001000000000000000000000000010000000000000000000000001000000000000000001000000000100001000000100001100000011000000111000000000000000000000000000000000000000000000000100000000000000000110000000000000000000010000011000000000000000000000001000000000000111100000000100000000
111111110000000000000000001000001000000000000000000000000000000000000000000000000000000000000000000000000000000000001000001000001000001100000000010010000000000000000000000000000000000000000100000110000000000000000111000000000000000000001000011000000000000000000000001000000000000011100000111110000000
111111110000000000000000000000011000000000001000001000000000000000000000000001000000000010000000000000000000001000011000010000011000001000000000000001000000000000000000000000000000000000000000000111000000000000000111100000000000000000001100001100000100000000000000001000000000000001100000101110011100
111111100000111000000000000000000000010000011000000000011100000000000000000001000000000110000000000000000000001000010000010000010000011000000000000000100000000001000000000000000000000000000000000111000000000000000110100000000000000000000110000100000100000000000100000000000000000000000000001000000111
111111000000000000000000000000000000110000011000000000011000011000000000000010000000000000000000000100000000000000010000100000110000110000001110000000100000000000000000000000000000000000000000000110000000000000000000000000000001000000000000000010000000000100000000000000000000000000000000001000000001
111111100000000100000000000000000001100000010000000000100000110000000000000000000100000000000000000000000000000000010001100000000001110000111111110000110000000000000000000000000001000000000000000110000000000000000000000000000000010000000001000011000000000010000000000000000001100000000000001000000000
111111100010000110000000000000000011100000000000000001100000100000000000000000001100000000000000000000000000010000111011100000000001100001110000000000010000000000100000100000000000000000000000000010000000000001000000000000000000000000000000000001000000000001000001000000000001100000000000000000000000
111111000000000110000000000000000001100000000000000001000000100000000000000100011100100000000000000000000000000000110001000001000001100001100000000000001000000000000000100000000000000000000000000000000000000001000000000000000000000000000000000000000000000000000000000000000000100000000000000000000000
111111000000000110000000001111110000000000000001000001000000000000000000000000011000000000000000000000000000000000100001000001000001000011000000000000001000000000000000100000000000000000000000000000000000000001100000000000000000000000000000000000000000000000000000001000000000000000000000000000000000
111111000000000100000000011110000000000000000001000011000001000010000000001000010000100000000000000000000000000001000001000001000000000010000000000100001000000000010000000000010000000000000000000000000000010000000000000100000000000000011000001100001000010000010000001000010000000000000001011000000000
111111110100001000000001111000000000000000000000000110000010000010000000001000000000100000000000000000000000000000000000000011000000000010000100000010001100000000000000000000010000000000000000000000000000010000000000000000000000000100001000000000000000000000011100001000010000000000100000011000000000
111111100000000000000011110000000000000000000010001110000110000100000000000000000000000000000000000000000000000000000000000010000000000000001110000010000100000000001000000000000000010000000000000000000000000000000000000000000000000000000000000000000000000000000000001000010000000000100000011000000000
111111100000000001000011100000000000000000000010011110000100000000000000000000000000000000000000000000100000000001000000000010000000000100001110000000000100000000000000000000000000000000000000000000000000000000000000000000000010000000000000000000000000000000000000001000010000000000000000011000000000
111111100000000011100111000000000010000000000111111110000100000000000000000000000000000000000000000000100001000000000010000010000010000000011100000000000000000000000000001000000000000000000000000000000000000000011000100000000000000000000000000010000011000000000000001000000011000000000000010000000000
111111100001000111110000000000000000000000001111011110001000010000100000000000000010000000000000000000100000000000000010000010000000000000010000000000000010000000000000000000000000001000000000000000000000000000000000010000000000000000000000000001000001000000000000001000000011000000000000010000000000
111111100011001111000000000000001000000000111100010000000000010000100000000000000110000000000000000000000000000000000000000000000000001000000000000000000010000000000100000000000100000000000000000000000000000100000000011000000000000000000000000000000001000000000000000000000011000000000000000000000000
111111111110011110000000000000001000001011111000010000010000100001000000000000000110000000000000000000000000000000000000000000000000001000000000000000000011000000000100000000000100000000000000000000000000000000001000011000000000000000000000000000000000100000000000000000000010000000000000000000011100
111110011111111100000000000000000000011111100000000000000001000000000001000000000000000000000000000000000000000010000000000000000000001000000000000000000001000000000010000000000000000100000000000000000000000000001100001000000000000000000000000000000000100000000000000000000000000000000000000000000000
111100111110011000010000100000000001111111100000100000100001000000000010000000000100000000000000000000000000000010000100000000000000000000000000000000000001000000000010000000000000000000000000000000000000000000000100000000001000000000000000000000000000000000000000000000000000000000000000100000000001
111111111100010000000001100000000001111111000001100000000001000000000110000000000000000000000000000000000000000010000100000000000000000000000000000000000001000000000001000000000000000000000000000000000000000000000100000000001000000000001000001000000000000000000000010000000000000000000000100000000001
111111111100010000000010000000000011110100000000000001000000000000000100000000001000001000010000000000000000000010000010000000000000000000000000000000000001000001000000000000000001000000000000000100000000000000000110000100000000000000001000000100000110000000010000010000000000000000000000100000000001
111111111100000000000110000001000011100000000000000000000000000000000000000000011000000000010000000000000000000000000000000000000000000000000000000000000001000001000000000001000001000001000000000000000000000000000011000100000000000000000100000100000010000000001000010000000000000000000000100000000001
111111100100000000000100000011110010000000001000000000000000000000001000000000011000000000000000000000000000000000000000000000000000000000000000000000000001000000000000000000000001000000000000000000000000000011000000000000000000000000000000000000000000000000000000010000000000000000000000100000000001
111110000110000000000000000011110000010000010000000000000100000000001000000000110000000000000000000000000000000000000000000000000000001000000000000000000001100000000000000000000000100000000000000011000001000001000000000000000000000000000000000000000000000001000000010000000010000001000000100000100000
111110111100000000000000000000000000000000000000100000000000011000000000000000000000100000000001000000000000000000000000000000000000001000000000100000000000100001100000100000000000100000000000000011000000000001000000000001000000000000000001000000100000000001100000000000000010000001100000000000100000
111111111100000000000000000000000000000000000001100000001000110000000000010000000000100000000001000000000000000000000010000000000000000000100000100000100000100000100000100000000000110000000000000000000000000001100000000000000000000000000001000000100000000001110000100000000110000000011000000000000111
111111111000100000000000110000000000000011000011000000001000000000000000100000100000100000000000000000000000000000000010000000000000000000100000000000100000000000100000100000000000010000001000000000000000100001100000000000000001000000000000100000000000000001100000100001000000000000001000000000000110
111110000011000000000011110000010000000010000010000000000000000000000001100000000001000000000000000000000001000000000000000010000000000000100000100000100000000000000000100000000000011000001100000000000000100000100000000000000000000000100000110000000000000000000000110001000000000000001000000000000110
111100000011000000000011000000110000000100000100000000000000000000000001100001000000000000000010000000000001000000000000000000000000001000100000000000100000000000000000100000000000001000001110000000000000000000000000110000000000000000010000010000000000000000000000110001000000000000000001000000000110
111100100111000000001110000000000000001100001000001000000000000000000011100011000010000000000010000001000000000010000000000000000000000000100000000000100000000000000000000000000000001000000010000000100000000000010000111000010000000000001000010000000000000000000000100001100000000000000001000000000100
111111111111010000001100000001000000001000001000000000100000000000000011000100000010000000000010000001000000000000000000000000000000000000000000000000100000000000000000000000000000001100000001000000100000000000001000011000011000000000001000000000000000000010000000000000001000000000000001000000000100
111111111111110000001000000010000001110000001000000000100000000000000011000100000000000000000000000000000000000000000000000000000000000000000000000000000000100000000000010000000000000100000000000000010000001000001000001100011100000000000100000000000000000000000000111000001000000010000010000000001100
111111100011100000010000000010000011100000110000010000111100000100000110000000000100000000000100000000000000000000000001000000000000000000000000000001000000100000000000000000001100000000000000100000011000001100000100000100001100000100000110000000000000000000000001100100001000000001110010000000001000
111111100011000000000000000110000111100001100000110000111000001000000110000000000000000000000100000000000000000000000001000000000000000000000001000000000000100000000000000000000100000010000000000000011000000100000100000000000100000110000110000001100000110000000000100100000100000000110010000000001000
111111000010000000000000011000001111100001000000110000100000001000000100000000000000000000000100010000000000100000000000000000000001000000000000000000000000100000000000000000000100000000000000010000001000000100000000000000000000000110000110000001100000111000000000001000000000000000000010000000010000
111111000010000010000000111000001001100001000000100000000000000000000000001000000000000000001000010000000000100000100000000000000001000001000000000000000000100000000000000000000000000000000000010000000100000000000010000000000000000001000011000000100001111110000000001000000000000000000000000000010000
111111000010000100000001100000011001000011000000000000000000010000000000000000000000000000001000000000000000110000000000000000000000000000000010000000000000100000000000000000000000000001000000000000000100000010000001000000000000000000000000000000110000111110001101000000000000000000000000000000110000
111111100001000100000011000000011110000010000001000000000000100000000000010000010000000000001000000000000000110000000000000000000000000000000000000000000000100000000000000000000000000000000000000000000100000001000001000000000000000000100000000000100000010010001111101000000000000000000000000000100001
110111100011100000000111000000011100000110000010000000000001110000010000110000010000000000001000000000000000100000000000000000000000000000000000000100000000000000000000000000000000000000000000001100000110000001000000100000100000000000000000000000000000000000001111000000000000000000001100000000000000
111111100011100000001111000001001000001100000010000000000001100000010000100000010000010000000000000000110000100000000000000000000000000000001100000100000000000000000000000000000000000000000000001111000000000000000000100000000000000000000000000000000000100000011000000000000000000000001100000000100000
111100000001100000111100000000000000011000000110000000000010000000110000100000100000010000000000000000100000100000000000000000000100000000011000001000000001000000000000000000000000000000000000001111000001000000000000010000010000000000001000000100000001100000011000000000000000000000001000000000000000
111000000001000001100000000100000000110000001100000010000110000000100001100000100000110000110000000000100000100000000000000000000100000000110000001000010001000000000000000100000000000000001000000111000001100000000000000000011000000000000000000111000000100000011000000000000000000000000000000001000000
110000000111000001100000001100000001100000011000000000000100000001000011000001000000110000100000100000000000100000000000000000000011000001100000010000010001000001000000000000000000000000001000000011000000100000000000000000001000000000000000000011000000110000001000000000000000000000000000000001000000
100000001001000001000000011100000011100000110000000000000000000000000010000001000000100000100000100000000000100000000000000000000000111100000000110000000001000001000000000000000000000000000000000001000000100000001000000000001100000000000000000000000000100000000000010000000000000000000000000011000000
100011111000000000000000111000000111000000100000000000000000000000000010000001000000100001100001100000000000000000000000000000000000011000000001110000110001000000000000000110000000000000000010000000100000000000001000000000010000000000000000100000001000000010010000010000000000000000001000100011000000
110111100000110000000000110000011100000011100000000000000000000000000110000000000001000001100001100000000000000000000000000000000000000000000001100000100001000000000000000110000000000000000010000000110000001000000100000010100000100001000000010000000000000000110000010000000000000000001001000010000000
110000000000100000000001000000011000000111000000000000110000000000000110000010000010000011100000000000000000100000000000000000000000000000000011000001000001000000000000000100000000000000000001000000000000000100000000000011100001100000000000001100000001000000010000010000100000000000001000000010000000
100000000000000000001111000000110000001111000001100000110000000000000100000000000010000010000000000000000000110001100000000000010000000000000010000001000010000000000000000000000000000000000000100000001100000010000000000001100000100000000000000100000011100000011000010000111000000000010000000100000000
100000000001000000011110000011000000011100000011000000100000000000001100000100000000000010000000000000000000100000100001000000000000000000001100000011000010000000000000000000000000000000000000100000000110000001000000000001000000100000000000000110000001110000010000110000000001000000010000000100000000
110000000001000001111000000110000001111000000110000001000000000000001000001100000000000100000000100000000000010000100000100000000000000000001000000011000000000000000010000000000000000000000000010000000011000000000000100000000000110000001100000011000001101110000000100000000000001000010000000100000000
010000010000000001100000001100000011110000000100000011000000100000010000011000000100000100000000100000000000010000000000000000000000000000000000001110000000000000000100000000000000000000000000001000000001000000000000100000000000000100000100000010000001000001100000100000000000011000110000000100000000
000000010000000111100000011100000111110000011100000110000001100000100000010000000100001100000000000000000000010000000000000000000000111000000000001100000100000000000100000000000000000000000000001100000001100000010000000000000000000110000000000000000111000001110001100000000000011000100000001100000000
000001110000111110000000011000001111001000110000001110000011000001100000110000001000001100000000000000010000010000000000001100000000000000000000011000000100000000000100000000000000000000000000000000000000100000001000001000001000000010000000000000000111000000110011111000100000010000100000001000000100
001111110000111000000000000000011100000001100000001000000110000001000000100000001000000000000000000000010000001000001000000110000000000000000000010000001000000100000100000000000001000000000000000001000000010000000100000000000110000000000000000010000011000000000011100000111100010000000000001000000000
001100000000110000000000000000111000001111000000010000001100000001000000000000010000001000000000000000011000001000001000000000100000000000000000110000001000001100000000000000000000000000000000000000100000001100000000000000000011000000010000000110000001110000000001000001111110000000000000000000000000
000100000001110000001100000001100000001110000000110000001000000010000001000000100000001000000000000000011000000100000000000000010000000000001110000000001000001000001100000000000000000000000100000000110000000110000001000000000000000000000000000011000000011000000001000001100001100001000000001000011111
000100000001110000011100001111000000001100000001100000000000000100000010000000100000001000000000000000010000000100000000000000001111111100001100000000110000011000001000011000000000010000000010000000011000000000000000000000100000000000000110000001000000000000000001000000000000100001000000000000000001
001100001000011000110000001110000000111100000011000000000000001100000110000001000000000000000000000000000001000000000000000000000001111110000000000000110000110000001000001000010000010000000011100000001100000000000000110000010000000100000001100000000000000000001111000000000000000001000000000000000000
001100011000011001100000001110000001111000000110000001100000011100000100000000000000000000000000000000000000000000000001100000000000000000000000000001000000110000001000001000010000011000000001100000000100000000000000000000000000000100000000111010000000000000001111000000000001000011001000000000000000
000110000000011011100000011000000111111000001110000001100000111000000100000000000000110000100000000000000000000000000001100000000000000000000000000011000001110000011000001000000000000110000000110000000010000000000000000000001000000011000000011110000110000000000111000000000001100000000000000000000000
000110000000111100100000111000001111000000011000000011000001100000000000000000000001100000100000000000000000000000100110001111000000000000000000000000000001100000100000001000000000000010000000011100000000000000000000000000000000000010000000000001000110000000000110000000000001000000000000000000000000
000111000000111100100110000000011111000000110000000110000001000000100000000100000001000000100000000000000000000000001110000011110000000000000000100000000011000000100000001000001000000000000000000110000000011000000000000000000001100000001100000000000000011010000110000000000001000000001000000000000000
000110000001111111111100000000011000001101110000001100000010000001100000001100000011000000100001000000000000000000001110000000001111101100100011100000001110000001100000010000001110000000000000000011110000000100000000000001100000110000000110000000000000000111000110000000000001000010001000000000000000
000010000000111111110000000001110000011111100000111000001100000011000000001100000110000000100001000000000000001000000110000000000000000000000011000000001100000001000000000000001111110000001100000000011100000000000000000000010000011100000011100000000000000001001100000000000011000010000000000000000000
000001000100111111100000000111100000011111100001110000011100000111000000110000001000000011000001000000000000001100000001000000000000000000000000000000000000000110000001000000000000111000001100000000000110000000000000000000001000000100000000001011000000000000001100000000000010000000000000000000000000
000001111100000111100000111111000000011110000011100000000000000110000001100000010000000011000001000011000000001110000000010000000000000000000000000110000000011100000001000000000000001110001011000000000000000000000000000000010000000001000000000011111110000000000100000000000010000000000000000000000000
000001100001000111111111111110000001111110000111000000000000001100000001000000110000000110000011000011100000000001000000000011000000000000000000011100000000011100000011111100000000000000000001111000000000000000000001000000010000000000000000000001000011111100000100000000000000000100000000000000000000
000011100011100111111111000000000111000100011110000000000000001000000011000000100000011000000111000001110000000000110000000000000111000111000000000000000000110000000011101000000000000000000000111110000000000000000000010110110000000000000100000000000000001111001100000000000100000000000001000000000000
010011100000111100000000000000011100000010111000000010000000010000000110000001000000110000000110000000000000000000011110000000000000000001000000000000000001100000001110000000000000000000000000000111110000000000000000000011111000000000000010000000000000000001111111100000000100000000000000000000000000
000001100000111100000000000011111000000011110000000110000001110000000000000010000001110000000000000000000000000000000111000000000000000000000000000000000110000000111000000000000000000000000000000001111000000000000000000001111100110000000000011111000000000000111100011111101100001000000000000001000000
000000000111111000000000000011100000000111100000001100000011000000110000000110000000000000010000000000000000000000000000110000000000000000000000000000000000000001100000000001111111011000000000000000000001000000000000000000111111111111000000001111100000000000001000000001111110000000000000000001000000
000000001111100000000001111111000000011110000000111000000110000001110000001110000010000010100000000000000000000000000000001101000000001100000000111110000000000110000000000011111111110111111111000000000001110000000010000000000100000111110000000000000000000000001000000000001100000000000010000000000000
000000011100000000000011111000000000111000000001111000011100000001100000010000000100000111000000001111000000000001000000000001111111111111111111111000000000001110000000000111100000000000000001111100000000011100000001000000000000000000011100000000000000000000011000000000001100000000000011000000000000
001111111100000000000111110000000001100000000111000000011000000000000000110000001000001110000000011111111100000000000100000000000000000000000000000000000000000000000000011000000000000000000000000111100000000000000000100100000000000000000111000000000000000000011000000000011000000000000010000000000000
011111001100000000001111100000001111000000001110000000110000001100000001100000000000001000000011110000111111000000000111100000000000000000000000000000000001100000000001100000000000000000000000000000000000000000000000001111110000000000000000011110000000000000111000000000111000000000000110000010000000
111110000000000001000000000000111100000000111110000000100000011000000011000000000000011000001111100000000111111100000000111100000000000000000000000000001100000000000100000000000000000000000000000000000000000000000000000011111111001100000000011111010001000001111000000000110000000000000000000010000001
000100000000011011000000000001110000000011111000000001000001110000000110000000000001100000011110000000000010000111000000000111000000000000000000000001110000000000001000000000000001111111000000000000000000000000000000000000001000011111111110011100011000000000010000000000010000000000000000000000000001
000000000000111110000000000011000000001111110000000110000011100000011100000000000111000000110000000000000000000000111100000001111111111111111100111000000000000001110000000000011111111111110111111111000000100001111000000000000000000000011111100000000000000000010000001000010000000000000000000000000001
000000000110110000000000011100000000111110000000011100000111000000011000000011000110000001000000000000000000000000000111000000011100000000000000000000000000000011000000000000111111111111110000000111111111111111111111011100000000000000000000000000000000000000010000011000100001000000000000000000000001
000100000000000000000011111000000001111000000000111000001110000001100000000111101000000011000000000001000010000000000000100000000000000000000000000000000000011110000000000111111010000000000000000000000000000000001111111110000000000000000000000000001000000000011000111000110000000000000000000000000001
000000000000000000110111000000000011100000000001110000011000000011000000001111100000000110000000111111111111011100000000011100000000000000000000000000000110111100000001111000000000000000000000000000000000000000000000001111111100000000000100000000111111111000111000011000110000000000000000000000000001
000000000000000001111000000000011110000000000111100000110000001111000000111111000000011100001111111110000011111111100000000000000000000010011111111111110001000000000011110000000000000000000000000000000000000000000000000001001111111111111111111111111111111111111000000000100000000000000000001000000000
000000000000001111100000000000110000000000011111000001100000111100000001111000000000111110011110000000000000000001100000000000000011111000000001111111000000000000000110000000000000000000000000000000000000000000000000000000000000101111111111111111111111111001111000000000100000000000000000001000000000
000000000001111111000000000111110000000001111110000011000001110000000111110000000011111111100000000000000000000000000000111001111111110000000000111110000000000000001100000000000000000000000000000000000000100011111100000000000000000000001000000000000000000000110000000001000000000000000000000000000000
000000011111100000000001111111000000000011111000000010000011100000001100100000001111100000000000000000000000000000000000001111100011110000000000011110000000000111111000000000000000011110111111111111111111000111111111000000000000000000000000000000000000000000010000010001000000000000000000000000000000
000000001100000000011111101000000000001111100000000010000110000000011000000000001111000000000000000000100000000000000000000000000000000000000000111111001111111000000000000000000011111111100111110000000000000000000000000001000000000000000000000000000000000000010000010001000000000000000000000000000010
000000000000000001111100000000000000111111000000011110001100000000110000001000111111000000000001111111111111111111000000000000000000000011011111111111110111110000000000000000000111111000000000000000000000000000000000000011111111111000111100000100000000000000110000000001000000000000000000000000000110
110000000000000001111100000000000011110000000001111111100000000111100000001111111000000011111111100111111111111111110000000000000000000000000000011000000000000000000001111111100011000000000000000000000000000000000000000010011011111111111111011111111111101000110000010000000000000000000000000000000110
110000000000000111100000000000011111000000000011111000000000011111000000001111000000000111000000000000000000000000011100100110011110111000000000000000000000000000000011111110000000000000000000000000000000000000000011101110000000000000000011111000000011111000110001110010000000000000000000000000000100
010000000001111100000000000111111100000000001111110000000000111100000000011111000000001110000000000000000000000000000111111111111111111110111000000000000000000011111111100100000000000000000000000000000001111100111110000000000000000000000000000000000011111111100000111111000000000000000000000000000100
110000111111110000000000111111110000000000111111000000000111111000000001111100000000001100000000000000000000000000000111000001111111111111111110000000111011111111111110000000000000000000000000000000001011110000000000000000000000000000000000000000000000000000100000111111100000000000000000000000000000
001111110000110000000001111111000000000011111100000000001111000000000011111000000000011100000000001000010110000000000000000000000000000000111111111111111111111000000000000000000000000000000000001111111100000000000000000000000000000111001000000000000000000000100001111110000000000000000000000000000100
001100000000000000001111111110000000001111010000000011110000000000001111000000000001111110001111111111111111010011000000000000000000000000000011100000000000000000000000000000000000001111111111111111100000000000000000000000011111111111111111110111111100000000110011000000000000000000000000000010001110
001100000000000111111111111000000001111110000000001111100000000000111110000000000001111111111111110000111100000111000000000000000000000000000000000000000000000000000000000000001111111111110000100000000000000000000000000111111111011111111111111011000111000111111100000000000000000000000000000010011110
000000000000000111111100000000001111100000000000111100000000000011111000000000010111111110011100000000000000000000000000000011101111100001000000000000000000000000000000111111111111111000000000000000000000000000000001111110001100000000000000000000000011100111110000001000000000000000000000000000000100
000000000001111111100000000000111111000000000011111100000000111110000000000001111111111000000000000000000000000000000000011111111111111111111111111000001011110000011001111111100000000000000000000000000000100111111010000110000000000000000000000000000111111111110000000000000000000000000000000000000000
000011000011111111110000000011111100000000111111111000000011111000000000000111111100000000000000000000000000000000000100111111100010011110011111111111111111111111111111100000000000000000000000000000000001111111110000000000000000000000000000000000000111111101111110010000000000000000000000000000000000
000111111100000000000000000111111000000001111110000000001111100000000000011110000000000000000000000000000111011001111100000000000000000000000001111110111100100011111111000000000000000000000000001000111111111100000000000000000000000000000011100011011111000000110100010000000000000000000000000000000000
111111110000000000000001101000001000000111111000000001111100000000000011111100000000000000000110000111111111111101111000000000000000000000000000011000000000000000000000000000000000000000000011111111111111111000000000000000011000111111101111111111111110000000100000010000000000000000000000000000000000
111111110000000000000111100000000100001111100000000111110000000000011111000000000000000000111111111111111111000000000000000000000000000000000000001000000000000000000000000000001000010001000111111110001000000000000000000000111111111111111111111111111100000000111100000000000000000000000000000000000000
100000110000000000001000000000000111100100000000011111100000000111111000000000000000000011111111111110000000000000000000000000000011100101000000001100000000000000010000000001111111111111111111000000000000000000000000111110111110011001000110010000001100001000111110000000000000000000000000000000000000
000000010000000000010000000000001111000000000001111110000000111101100000000000000111111111110111110000000000000000000000010011111111111111111111111111111111111111111110011111111111111100000000000000000000000000000111111110010000000000000000000000001100011111111110000000000000000000000000000000000000
000000001000000000000000000011111110000000000011111100000011111000000000000001111111110011000000000000000000000000111111111111111111111111111111111111111100110111111111111111110000000000000000000000000000011100011111111000000000000000000000000000001100011111111100000000000000000000000000000000000000
000000000110000000000000000011100000000001011111100000000111100000000000000011110000000000000000000000000000001111111111111111100000000000000000110000011000000000000000000000000000000000000000000000000011111111111110000000000000000000000000000000001000111000000110010000000000000000000000000000001000
000000000111000000010011110000000000000111100000000000001110000000000011111100000000000000000000000001111111110101110000000000000000000000000000000000000000000000000000000000000000000000000000000001111011111111100100000000000000000010000000010011111000110000000010010000000000000000000000000000000000
000000100111000000011100000000000000001100000000000000111000000000011111100000000000000000100011111111111000100000000000000000000000000000000000000010001100000000000000000000000000001111111111111111111000000000000000000000000001011111100001111111111000100000000000110000000000000000000000000000000000
000100000011110000000000000000000000001100000000000001111000000011111010000000000000000011111111111100000000000000000000000000000001100000111111111111111111100101111000000011111000111111111111110000000000000000000000000000010001111111100001110000111000000000000000100000100000000000000000000000000000
000000000001110000000000000000000111111100000011001111111000110101000000000000000001111111110110001100000000000000000000111011011111111111111111111111111111111111111111111111111111111111000000000000000000000000000000000001111000000000000000000000010000000000111111000001100000000000000000000000000000
100000000000110000000000011111111101111111111111111111111111111000000000000000011111111111110111111100000000000000001111111111111111111111111101111100001001111111101111111111111100000000000000000000000000000000000011110000011000000000000000000000000000000001111111111001100000000000000000000000000000
100000000000001010111111111111111111111111111111110111111000000000000000000011111111100000000111100111111111111111111111111111111111101100000000000000000000000000000000000000000000000000000000000000100011111111111111000000000000000000000000000000000000000011100111010000100000000000000000000000000000
100110100000000111111111111111111111111111100000000000000000000000000000011011111000000000000000000000000111111111111111011000000000000000000000000000000000000000000000000000000000000000000000000011111111111111111110000000000000000000000000000000001111110001000110000000000000000000000000000000110111
111111000000001111111100011000000000110001000000000000000000000000011111011000000000000000000000000000000000000000000000000000000000000000000000000000110000000110000000000000000000111000011111111111111111111000000000000000000000001101110001001111111111000000000000000000000000000000000000000000111110
110010000000111100001100000000000000000000100000000000000000011111111110000000000000000000000000000000000000000000000000000000000001000000001110011111111111111111110011111111111111111111111111111111110110000000000000000000001101111111111111111111111111000000000000000000000000000000000000000000110000
100000101111111100000000000000000000010001110111100001111111111111000000000000000000011111000011110000000000000000000000000110000011111111111111111111111111111111111111111111111111111111110111000000000000000000000000000000011111000011111111111101100000000001000000000000000000000000000000000000100010
000000111110000100000000000001110000111111111111111111111111000000000000000000000001111111100111111111110000110000101111111111111111111111111111111111111111111111111111110111111011011100000000000000000000000000000000001111111000000001100000000000000000000111000000000001100000000000000000000000000011
000001111100000000000000111111000001111111111111111111111100000000000000000011111111110000111111111111111111111111111111111111111111111111111111111111000000000000101110000000000000000000000000000000000000000001111111111111110000000000000000000000000001111111110000100011100000000000000000000000010011
000111111000000000000111111000000001011111110001011110000100000000000000111111111111110001111111111101001111111111011111111111111111111110001000000000000000000001111101000100011000000000000000000000000000001111111100111100000000000000000000000001000001111111110010100010000000000000000000001000011111
111111100000000000011100001000000011111011100000000000000100001111111111111111111001001100000000000000000000000001011100000000000000000000000000000000000000111111111111111111111111111111101100011110111111111111000000000000000000000111000000111111111101110111100000100010000000000000000000010000000111
111000000000000000111000000000011111111000000000000000001110111111111111111000100000000000000000000000000000000000000000000000000000000000011000001111111111111111111111111111111111111111111111111111111111111010000000000000011101110010000000111111111101110111110000100110000000000000000000000000000111
100000000000000011111000001111111111000000000000000000111111111010000000000000000000000000000000000000000000000000000000000000000000000000011111111111111111111111111111111111111111111111111111111111111110000000000000001000011000000010000110010001111111111111110000101100000000000000000000000000001111
000000000010011111001100111111111100000000000001111111111111100000000000000000000000000000000011111100111100000000000000111100001111111111011111111111111111111111111111111111111111111111111111111100000000000000000001100000000000000110000110010001111111111111110010111100011000100000000000000001111101
111111011111111111111111111111100000000000111111111111000000000000000000000000111100110111111111111111111111000001110001111111111111111111111111111111111111111111111111111111111111111111111111001100000000001100000100000000000000001111111111111111111111111100110111111110111001111110000000000001111111
111111111111111111111111111110000000011111111111110000000000000000001000111111111111111111111111001111111111111100111111111111111111111111111111111111111111111111111111111111111111111111111111111111110111111111111000000000011111111111111111111111111111111110111111111111111111111110000001111001111111
011111111111000000111100001100000011111111110000000000000000000011111111111111111111111000010001001111111111111110001111111000011111111111111111111111111111111111111111111111111111111111111111111111111111111111111111111111111111111111111111111111111111111111111111111111111111111111111111111111111111
011110000000000000000100000000111111111000000000000000111111111111111111111111111110000100111011101111011111111111110001110000001111111111111111111111111111111111111111111111111111111111111111111111111111111111111111111111111111111111111111111111111111111111111111111111111111111111111111111111111111
111000000000000000000000000001111111111000000001111111111111111111111110000111011111011111111111111111111111110011110001110000111111111111111111111111111111111111111111111111111111111111111111111111111111111111111111111111111111111111111111111111111111111111111111111111111111111111111111111111111111
110001000000000000100000011111111111111000000011111111111110000000111110001111000001111111111111111111111111110111110011111101111111111111111111111111111111111111111111111111111111111111111111111111111111111111111111111111111111111111111111111111111111111111111111111111111111111111111111111111111111
111110000000000000111111111111110000000000011111100000000000000000000000000001110011111111111111111111111111111111111111111111111111111111111111111111111111111111111111111111111111111111111111111111111111111111111111111111111111111111111111111111111111111111111111111111111111111111111111111111111111
011110000000011111111111111100100000000011111110000000000000011000000000000000111111111111111111111111111111111111111111111111111111111111111111111111111111111111111111111111111111111111111111111111111111111111111111111111111111111111111111111111111111111111111111111111111111111111111111111111111111
011110000011111111111111111100000000001111111000000000100000011111000111100000111111111111111111111111111111111111111111111111111111111111111111111111111111111111111111111111111111111111111111111111111111111111111111111111111111111111111111111111111111111111111111111111111111111111111111111111111111
110110000011111110011111111111000000011110000000000111111111111111111111111111111111111111111111111111111111111111111111111111111111111111111111111111111111111111111111111111111111111111111111111111111111111111111111111111111111111111111111111111111111111111111111111111111111111111111111111111111111
100010000110001111111111001111000111111100000111111111111111111111111111111111111111111111111111111111111111111111111111111111111111111111111111111111111111111111111111111111111111111111111111111111111111111111111111111111111111111111111111111111111111111111111111111111111111111111111111111111111111
100111111100001111111111000001111111111000111111111111111110001110111111111111111111111111111111111111111111111111111111111111111111111111111111111111111111111111111111111111111111111111111111111111111111111111111111111111111111111111111111111111111111111111111111111111111111111111111111111111111111
111111111100001111100100000011111110001001111111111111111100000110110011111111111111111111111111111111111111111111111111111111111111111111111111111111111111111111111111111111111111111111111111111111111111111111111111111111111111111111111111111111111111111111111111111111111111111111111111111111111111
111111111100001100000000111111110000000001110000001111111111111111111111111111111111111111111111111111111111111111111111111111111111111111111111111111111111111111111111111111111111111111111111111111111111111111111111111111111111111111111111111111111111111111111111111111111111111111111111111111111111
111111111110001100000111110111100111100001110000011111111111111111111111110011111111111111111111111111111111111111111111111111111111111111111111111111111111111111111111111111111111111111111111111111111111111111111111111111111111111111111111111111111111111111111111111111111111111111111111111111111111
111111111111111111111001100011000111111111111111111111111111111111111111111111111111111111111111111111111111111111111111111111111111111111111111111111111111111111111111111111111111111111111111111111111111111111111111111111111111111111111111111111111111111111111111111111111111111111111111111111111111
111110000111111111110000110100000111111111111111111111111111111111111111111111111111111111111111111111111111111111111111111111111111111111111111111111111111111111111111111111111111111111111111111111111111111111111111111111111111111111111111111111111111111111111111111111111111111111111111111111111111
111111100111111111111111111101111111111111111111111111111111111111111111111111111111111111111111111111111111111111111111111111111111111111111111111111111111111111111111111111111111111111111111111111111111111111111111111111111111111111111111111111111111111111111111111111111111111111111111111111111111
111111111111111111111111111111111111111111111111111111111111111111111111111111111111111111111111111111111111111111111111111111111111111111111111111111111111111111111111111111111111111111111111111111111111111111111111111111111111111111111111111111111111111111111111111111111111111111111111111111111111
111111111111111111111111111111111111110111111111111111111111111111111111111111111111111111111111111111111111111111111111111111111111111111111111111111111111111111111111111111111111111111111111111111111111111111111111111111111111111111111111111111111111111111111111111111111111111111111111111111111111
111111111111111111111111111111111111111111111111111111111111111111111111111111111111111111111111111111111111111111111111111111111111111111111111111111111111111111111111111111111111111111111111111111111111111111111111111111111111111111111111111111111111111111111111111111111111111111111111111111111111
111111111111110001111111111111111111111111111111111111111111111111111111111111111111111111111111111111111111111111111111111111111111111111111111111111111111111111111111111111111111111111111111111111111111111111111111111111111111111111111111111111111111111111111111111111111111111111111111111111111111
111111111110000001111111111111111111111111111111111111111111111111111111111111111111111111111111111111111111111111111111111111111111111111111111111111111111111111111111111111111111111111111111111111111111111111111111111111111111111111111111111111111111111111111111111111111111111111111111111111111111
